810256, 506797, 451393, 621098, 794036, 834487, 999266, 522812, 369017, 969232
105451, 295191, 492342, 813569, 388658, 433761, 144354, 987573, 242635, 320351
298203, 191869, 709627, 651008, 745410, 365507, 674572, 454410, 923715, 254473
107833, 626655, 270738, 931902, 154217, 122347, 677457, 614556, 517304, 110349
254638, 205345, 510161, 343455, 775177, 161223, 291960, 274244, 427379, 885442
831363, 978382, 389203, 833526, 748457, 390377, 717282, 558739, 626803, 997479
926774, 269262, 817935, 730696, 757851, 404317, 267811, 351365, 795805, 200526
626782, 494170, 183843, 545444, 255498, 388174, 603925, 751375, 539742, 271392
971006, 837960, 223984, 981327, 667628, 682950, 724487, 587174, 238132, 315903
934959, 425091, 123219, 488959, 696902, 545251, 162351, 627742, 261747, 705611
