944442, 558841, 379804, 186584, 917505, 584546, 945007, 148404, 292795, 799540, 863051, 685668, 549321, 282076, 254180, 193587, 747592, 359867, 886827, 591126, 732344, 266559, 695836, 149082, 192951, 124190, 175379, 347949, 667691, 893743
776894, 116133, 710462, 524517, 830510, 878385, 347299, 353832, 119847, 667034, 888984, 480433, 368727, 831061, 920452, 315330, 360355, 273960, 213375, 544224, 476029, 454262, 350321, 247471, 975346, 596745, 164338, 543080, 768159, 711835
397361, 219417, 658244, 157761, 232081, 510649, 173009, 156181, 167149, 307526, 862237, 511390, 181115, 526301, 986709, 571134, 658734, 723190, 420433, 969240, 313494, 565689, 241794, 917083, 674051, 413760, 829128, 412432, 436071, 915531
345056, 913692, 330201, 191642, 681659, 579378, 955349, 799531, 949801, 476408, 804256, 922416, 546740, 915572, 136298, 561964, 869226, 420596, 701164, 379626, 257010, 594711, 639025, 390905, 211487, 206810, 371377, 942056, 168066, 206883
610137, 367706, 537177, 623844, 689510, 667174, 167430, 791756, 635759, 233263, 469211, 878064, 224163, 102330, 252177, 588305, 198279, 444209, 314200, 203594, 505986, 205299, 132745, 479609, 262868, 431925, 683191, 619687, 987008, 767994
308292, 664278, 496907, 593738, 491695, 546918, 649661, 832018, 668298, 112803, 880932, 661527, 209514, 841775, 398359, 924536, 313401, 885224, 386808, 389280, 743781, 202933, 413491, 566693, 348187, 717906, 784995, 337664, 938126, 850101
148916, 284297, 903793, 508765, 613091, 580942, 807205, 584151, 489569, 889935, 411115, 295884, 744566, 521306, 709691, 978826, 128323, 713950, 566413, 363276, 958560, 640398, 730101, 778153, 876676, 498580, 348268, 814967, 296098, 469967
843305, 880313, 529104, 802986, 641390, 691308, 719075, 366106, 758303, 870058, 856119, 728852, 772813, 302905, 419147, 572105, 868497, 320884, 200489, 605216, 765140, 191763, 976482, 737262, 723306, 534553, 443832, 487860, 203200, 835418
296437, 893524, 384363, 298407, 357177, 509073, 629215, 669496, 308561, 993603, 822273, 261780, 497602, 150356, 867092, 986016, 127078, 312186, 981103, 905090, 508333, 430705, 773296, 347376, 536932, 941940, 494122, 391898, 260051, 780728
718170, 875825, 100384, 812038, 288632, 260498, 190162, 427442, 412968, 760499, 192304, 653628, 211343, 319145, 839815, 513571, 796227, 297716, 843274, 501249, 598524, 127144, 756340, 429095, 844263, 365880, 794537, 232149, 109497, 134880
120666, 634870, 580959, 807759, 325096, 603766, 160148, 911983, 318783, 999457, 452973, 186995, 614020, 773210, 690702, 102813, 513930, 825780, 946303, 607689, 319965, 864113, 626489, 122457, 518497, 398100, 294299, 694141, 822837, 385509
591961, 652574, 227249, 713217, 405651, 794728, 205135, 954266, 174084, 505874, 511750, 258290, 179953, 359755, 293104, 521936, 400193, 377603, 263502, 627293, 298508, 498995, 739170, 782622, 330764, 582602, 556665, 351438, 261872, 331509
874539, 163894, 242896, 921289, 628251, 102604, 465210, 761264, 685562, 152038, 430283, 927342, 212840, 741017, 209721, 273327, 203290, 601267, 763661, 788624, 901367, 294128, 202094, 721926, 469276, 505021, 445432, 332526, 646304, 901703
778572, 722482, 279441, 172415, 653281, 592757, 229501, 575884, 903800, 174236, 775565, 368781, 600813, 368184, 845196, 437802, 722121, 738388, 325285, 534101, 869268, 540695, 845674, 182115, 926920, 341687, 232945, 823425, 224098, 844955
629369, 814772, 607889, 287786, 738186, 602129, 990928, 631381, 772986, 664470, 536080, 754302, 433388, 466083, 689454, 172900, 782867, 745144, 629701, 957996, 402645, 654285, 333692, 214093, 205803, 956104, 579552, 345624, 893572, 170654
677708, 579075, 905384, 590121, 897476, 124976, 673818, 396450, 760738, 767518, 234551, 135964, 428135, 101484, 375324, 904957, 495891, 300101, 696868, 801497, 612528, 591469, 620686, 276236, 792009, 405606, 114717, 311540, 549880, 960639
122265, 901513, 186108, 841946, 518866, 512666, 381033, 661913, 860933, 917638, 741434, 818052, 189880, 936947, 414433, 201817, 399647, 163566, 379263, 708368, 668481, 663423, 893680, 713098, 406868, 437480, 885917, 502134, 511204, 362907
868469, 611903, 483379, 477077, 879861, 674197, 650331, 648763, 693668, 981655, 778031, 257103, 360732, 475834, 317631, 855311, 145474, 862585, 285562, 159690, 977367, 504601, 560718, 115072, 893447, 442135, 921515, 582933, 175774, 914192
850309, 875473, 879962, 228236, 913144, 833431, 948636, 307496, 387302, 693600, 222424, 632927, 857596, 440148, 216172, 162645, 801683, 664100, 124302, 116064, 358034, 481382, 521437, 400467, 906096, 667246, 927993, 798440, 249879, 240326
338383, 858313, 916484, 463914, 459917, 985018, 306155, 351522, 650676, 846311, 264312, 464637, 917451, 177414, 922896, 229222, 930607, 936553, 556054, 552198, 555464, 546178, 442089, 136822, 859415, 335123, 354442, 804254, 470380, 482225
404668, 121039, 219412, 582996, 295748, 817882, 247696, 862942, 591184, 997003, 548833, 339685, 468436, 915621, 289279, 559103, 189807, 487035, 706184, 711849, 397996, 471112, 413653, 438388, 617605, 314252, 107496, 867660, 335137, 238596
152258, 344870, 311678, 928421, 436978, 943558, 817866, 476212, 622792, 195242, 231211, 928485, 114983, 708119, 346527, 209230, 134040, 123038, 340893, 685351, 996635, 333386, 327418, 883072, 812217, 250600, 196264, 826526, 142869, 237716
795737, 866260, 264417, 349244, 940481, 942459, 959980, 953235, 624825, 146318, 848153, 359700, 732896, 873892, 511947, 762353, 259740, 293930, 612092, 376247, 977086, 562940, 559821, 981727, 687172, 476160, 324056, 940020, 549944, 851264
159329, 281340, 307861, 175138, 130699, 657574, 249033, 208165, 452070, 385070, 209334, 439514, 704102, 846543, 525555, 956989, 941904, 244550, 741648, 626894, 569037, 230782, 129046, 256273, 977633, 214462, 296973, 497118, 798613, 112907
677623, 221029, 962192, 794907, 645689, 839586, 280772, 839640, 775226, 756920, 123077, 497228, 812324, 498702, 425748, 354767, 320648, 846723, 406906, 908555, 969054, 330063, 393808, 936104, 227882, 848535, 492635, 771033, 100889, 902124
985973, 961089, 872779, 823585, 977030, 305219, 535499, 586344, 828978, 592166, 909657, 225864, 115244, 327329, 223176, 594812, 996392, 493288, 404291, 571211, 235885, 308083, 270987, 510495, 339273, 979111, 633660, 544228, 777471, 181028
606702, 425247, 804220, 874219, 112950, 305001, 883240, 189545, 324972, 842823, 852023, 462180, 280744, 744839, 544095, 277504, 508134, 781017, 128067, 365231, 661224, 218055, 889166, 540339, 248506, 948467, 208828, 626353, 143409, 723724
368178, 188820, 736941, 395692, 864846, 353243, 251678, 282832, 506713, 634560, 574498, 176885, 774648, 565222, 521068, 106924, 892354, 933886, 939553, 648409, 863500, 371510, 317339, 821326, 115008, 613919, 450928, 947967, 407404, 411865
771373, 359874, 652279, 394237, 371804, 792837, 208718, 766919, 647078, 311211, 108413, 176030, 935537, 784388, 334009, 374817, 262409, 320968, 709434, 993167, 635101, 224976, 648837, 246611, 226241, 598386, 747175, 339434, 397457, 771287
109407, 685427, 557813, 147290, 782418, 993235, 472927, 448191, 247266, 893185, 409137, 872365, 713816, 179284, 465436, 333641, 304862, 421255, 497540, 498673, 527497, 260070, 817919, 490514, 331572, 117433, 143548, 222439, 158312, 926186
