168613, 144624, 501897, 373470, 691422, 718174, 890044, 272859, 205149, 300773, 135585, 928689, 847730, 156529, 676708, 505616, 673469, 382030, 289568, 906243, 751212, 855785, 202537, 551387, 536194, 879170, 795269, 785018, 867764, 794576
920635, 718495, 602636, 384049, 960131, 158153, 162096, 627436, 129437, 276361, 126782, 904742, 561950, 592328, 724622, 965501, 785542, 756498, 245721, 179459, 764012, 666334, 485111, 971195, 391194, 515580, 262852, 223689, 616661, 500570
625084, 749081, 254133, 603634, 989318, 357200, 130579, 964339, 340845, 372614, 219456, 383530, 297033, 762856, 301906, 627180, 310333, 332457, 711097, 307203, 748729, 671552, 379664, 434900, 185663, 834466, 769103, 111561, 239075, 926877
580414, 561215, 265099, 532014, 932100, 135150, 734326, 911039, 251676, 354096, 151609, 586369, 113385, 596240, 873284, 728161, 773216, 538705, 704132, 146922, 192452, 284952, 598401, 167032, 782608, 262647, 829575, 544500, 884428, 470070
223874, 268657, 636930, 979008, 454787, 248129, 220875, 103912, 671680, 798292, 426819, 402454, 788375, 491791, 672187, 765041, 204050, 575813, 782093, 306346, 480198, 714005, 355657, 262915, 789717, 395071, 541006, 145019, 185716, 163300
856981, 860696, 878855, 377433, 472615, 180559, 997993, 118663, 317615, 789106, 813031, 958787, 621226, 889782, 267180, 587365, 159451, 937792, 321335, 372231, 607899, 625100, 580840, 549244, 602765, 953946, 399354, 913802, 872112, 386358
489385, 587045, 441262, 258497, 977237, 920714, 942449, 832609, 508576, 703764, 343380, 514882, 139089, 487135, 501719, 564071, 205275, 766967, 687853, 236018, 999895, 127995, 768112, 192363, 490573, 173204, 491604, 436336, 670546, 116332
132153, 102969, 265611, 406765, 575450, 254535, 961392, 995671, 319138, 667433, 790060, 144637, 392222, 224395, 629729, 150588, 528526, 780315, 191304, 949433, 395445, 895129, 635926, 874422, 570767, 400122, 467482, 111153, 642466, 759097
789314, 554073, 510925, 792475, 126942, 687854, 967614, 770365, 896380, 652660, 282432, 770044, 770514, 712499, 849169, 422529, 254491, 878767, 924593, 507911, 699000, 930591, 571574, 179530, 156184, 340235, 661629, 290670, 622738, 319527
451899, 461033, 191983, 368262, 160337, 591118, 673093, 402717, 900574, 800087, 271997, 336918, 926894, 394158, 376630, 426317, 367984, 870616, 750819, 950731, 344102, 349759, 604463, 693916, 396277, 563482, 350305, 537455, 440604, 781179
239162, 388554, 651650, 503925, 664059, 360807, 207528, 797351, 781444, 347662, 155741, 558249, 364343, 759440, 507952, 658195, 366811, 381118, 630400, 813349, 344445, 188516, 204016, 963958, 252624, 927302, 998486, 586844, 831669, 361845
393010, 720980, 237942, 271661, 205532, 703151, 905004, 104142, 571126, 968922, 662912, 600341, 957505, 220712, 700622, 706167, 406411, 755582, 383334, 474010, 367013, 261466, 293997, 148015, 614835, 513569, 990816, 796559, 540285, 376580
772408, 918929, 588195, 250414, 568041, 703622, 771565, 488781, 533412, 774066, 992896, 300698, 745149, 141318, 451052, 951238, 197926, 592702, 116770, 974019, 665402, 291732, 576003, 153805, 208567, 516320, 656148, 731539, 100578, 926925
523758, 757606, 283310, 468344, 409361, 974141, 827415, 251143, 730969, 880449, 723497, 705220, 458056, 908700, 904766, 250773, 420867, 594009, 170660, 588154, 635769, 781880, 746684, 848738, 552574, 142417, 240447, 841001, 151382, 103010
949403, 941298, 654700, 849526, 533275, 106333, 268994, 772500, 474213, 864774, 402563, 558113, 634813, 118618, 114644, 880403, 174055, 420278, 406186, 799028, 813834, 570046, 972853, 207215, 997391, 750326, 636345, 740698, 318121, 245729
407485, 309951, 206126, 888243, 596220, 534473, 599203, 217525, 119001, 456264, 784247, 979605, 424016, 366721, 855046, 140999, 794120, 847604, 982269, 886877, 773476, 860619, 371357, 948350, 297336, 867549, 669080, 573605, 731097, 729180
268889, 614297, 133677, 191297, 908960, 679557, 513794, 992593, 653547, 150387, 217531, 997804, 683984, 255657, 665668, 263923, 585094, 908800, 303974, 807315, 204100, 318717, 906006, 559890, 212897, 318703, 491144, 455797, 814811, 291748
162594, 955147, 518227, 477351, 706891, 452826, 880821, 530170, 891970, 961476, 416885, 990891, 470378, 801877, 378869, 345047, 347683, 285356, 622755, 367736, 183220, 732516, 210015, 688396, 297604, 918398, 895738, 137572, 650825, 795212
446619, 730533, 592408, 124508, 225947, 865630, 105594, 539711, 864592, 160455, 493471, 377685, 264518, 298226, 480012, 987415, 824457, 449777, 469648, 503905, 235872, 906052, 780821, 598234, 821907, 663260, 330802, 204833, 702509, 157425
198909, 203286, 519292, 537373, 349694, 838434, 917333, 567795, 419230, 126115, 271093, 319103, 204414, 160472, 214435, 320476, 220133, 243526, 507345, 375500, 598225, 339237, 837856, 797847, 166190, 597482, 239779, 368963, 691876, 222097
547548, 234795, 809962, 639142, 649571, 929792, 755449, 653072, 434725, 654777, 175100, 867451, 716169, 997336, 876643, 943009, 418350, 784923, 350551, 292725, 605392, 406715, 479816, 544971, 748905, 532901, 409794, 688871, 671860, 886323
488509, 961857, 873612, 349286, 913268, 939761, 312596, 158273, 997421, 520508, 798544, 774117, 428279, 169691, 834000, 832869, 485106, 164037, 286956, 457637, 290312, 717689, 906795, 179828, 762234, 862474, 128766, 905635, 114069, 899494
603049, 868609, 220707, 872197, 437346, 277236, 208317, 129003, 141074, 332214, 497502, 450905, 757944, 692586, 148851, 772279, 114125, 656153, 833295, 770550, 416354, 608494, 263835, 838629, 739269, 343050, 210570, 352275, 260611, 523268
530795, 645019, 201383, 595905, 919736, 896529, 648608, 259980, 942475, 713575, 167105, 842002, 462480, 604956, 116322, 681756, 474069, 313506, 732932, 440842, 575613, 384682, 846802, 459945, 225428, 308910, 745507, 430512, 593694, 675771
406459, 205821, 126889, 437753, 626353, 764359, 623968, 354521, 265868, 761343, 134145, 348026, 134022, 711496, 976326, 993047, 613747, 162544, 790527, 142193, 639674, 814762, 718625, 747028, 761026, 128650, 203992, 126696, 564968, 590524
403320, 270903, 399244, 525441, 224081, 477333, 944428, 779815, 622753, 947121, 898280, 101507, 639875, 459639, 267237, 230286, 812325, 304736, 416941, 592697, 479383, 181015, 438835, 340527, 457471, 722280, 209172, 198022, 958794, 230247
814777, 678976, 409117, 729049, 451705, 817444, 950538, 163971, 730076, 137268, 873661, 719950, 960058, 347404, 503446, 753044, 849697, 799990, 217553, 692106, 131605, 584332, 297249, 834249, 208786, 558539, 174811, 183194, 677102, 118224
173678, 794782, 558713, 255954, 893553, 696727, 107590, 979739, 982709, 794327, 923043, 100932, 982105, 881603, 849764, 530412, 396061, 962147, 205407, 293045, 368142, 652617, 893360, 727932, 212575, 930811, 551388, 814099, 907641, 140510
397682, 186140, 662345, 176513, 142605, 196548, 508311, 198628, 354967, 849625, 784664, 745348, 220200, 892138, 441753, 800452, 265548, 318714, 305820, 914488, 634722, 125536, 795007, 249489, 942656, 479101, 916087, 828064, 777876, 365147
574748, 167561, 603526, 636447, 444766, 262022, 250521, 872171, 895989, 816276, 318320, 779667, 952118, 391678, 774573, 308665, 502721, 121765, 361652, 435175, 901943, 622793, 197967, 558857, 700489, 229686, 247499, 188260, 237644, 901869
