716591, 585409, 861787, 379424, 400118, 246187, 956451, 163549, 862255, 299670
178791, 206653, 959440, 201289, 797698, 346023, 935457, 872316, 915950, 209276
316163, 119922, 999992, 776833, 102989, 319223, 866386, 194027, 186322, 955858
255047, 477190, 695071, 189928, 973897, 891170, 981248, 970669, 702982, 624570
401666, 610919, 990617, 877154, 298803, 124257, 462589, 263180, 620262, 172904
654908, 602103, 639890, 360294, 858502, 585846, 227386, 908184, 871997, 153880
662151, 679342, 752109, 311928, 889202, 600831, 483513, 612931, 114654, 258375
751569, 549058, 537057, 329566, 853471, 822531, 333603, 916821, 312448, 632840
389312, 888816, 534064, 939372, 350440, 596443, 821086, 687725, 714245, 364170
740671, 788187, 129884, 686961, 117982, 900987, 149516, 153180, 417777, 104216
